355 1.1pre 1
357 1.1pre 2
358 1.1pre 3
387 1.1pre 4
387 1.1 0
391 1.1 1
412 1.2pre 1
413 1.2pre 2
414 1.2pre 3
439 1.2pre 4
453 1.2pre 5
458 1.2pre 6
458 1.2 0
460 1.2 1
461 1.2 2
462 1.2 3
470 1.3pre 1
470 1.3 0
472 1.3 1
479 1.3 2
490 1.4pre 1
491 1.4pre 2
558 1.4pre 3
518 1.4pre 4
522 1.4pre 5
552 1.4pre 6
573 1.4pre 7
578 1.4pre 8
568 1.4pre 9
553 1.4pre 10
543 1.4pre 11
554 1.4pre 12
555 1.4pre 13
555 1.4 0
558 1.4 1
560 1.4 2
565 1.4 3
572 1.4 4
580 1.4 5
589 1.4 6
590 1.4 7
397 1.4 8
398 1.4 9
401 1.4 10
407 1.4 11
411 1.4 12
433 1.5pre 1
435 1.5pre 2
445 1.5pre 3
449 1.5pre 4
452 1.5pre 5
457 1.5pre 6
466 1.5pre 7
481 1.5pre 8
484 1.5pre 9
498 1.5pre 10
513 1.5pre 11
531 1.5pre 12
533 1.5pre 13
538 1.5pre 14
539 1.5pre 15
543 1.5pre 16
546 1.5pre 17
550 1.5pre 18
553 1.5pre 19
556 1.5pre 20
561 1.5pre 21
569 1.5pre 22
584 1.5pre 23
589 1.5pre 24
597 1.5pre 25
614 1.5pre 26
621 1.5pre 27
647 1.5pre 28
725 2.0pre 1
727 2.0pre 2
814 2.0pre 3
818 2.0pre 4
831 2.0pre 5
868 2.0pre 6
872 2.0pre 7
873 2.0pre 8
920 2.0pre 9
941 2.0pre 10
950 2.0pre 11
955 2.0pre 12
956 2.0pre 13
970 2.0pre 14
959 2.0 0
970 2.0 1
980 2.0 2
983 2.0 3
987 2.0 4
1003 2.0 5
1012 2.0 6
1015 2.0 7
1024 2.0 8
1028 2.0 9
1064 2.1 0
1076 2.1 1
1077 2.1 2
1080 2.1 3
1100 2.1 4
1101 2.1 5
1102 2.1 6
1104 2.1 7
1127 2.1 8
1128 2.1 9
1136 2.1 10
1141 2.1 11
1147 2.1 12
1166 2.1 13
1178 2.1 14
1191 2.1 15
1224 2.1 16
1235 2.1 17
1242 2.1 18
1243 2.1 19
1244 2.1 20
